>AGL3_MADS
0.000	0.969	0.010	0.021
0.031	0.773	0.000	0.196
0.814	0.041	0.031	0.113
0.412	0.031	0.041	0.515
0.680	0.010	0.010	0.299
0.495	0.021	0.000	0.485
0.670	0.052	0.052	0.227
0.113	0.021	0.031	0.835
0.670	0.031	0.289	0.010
0.000	0.031	0.907	0.062
>ARNT_bHLH
0.200	0.800	0.000	0.000
0.950	0.000	0.050	0.000
0.000	1.000	0.000	0.000
0.000	0.000	1.000	0.000
0.000	0.000	0.000	1.000
0.000	0.000	1.000	0.000
>Athb-1_HOMEO
0.120	0.520	0.160	0.200
0.840	0.040	0.000	0.120
1.000	0.000	0.000	0.000
0.000	0.000	0.000	1.000
0.000	0.200	0.000	0.800
0.960	0.000	0.040	0.000
0.040	0.000	0.000	0.960
0.000	0.000	0.080	0.920
>Pax-4_HOMEO
0.333	0.095	0.524	0.048
0.952	0.000	0.048	0.000
0.762	0.095	0.048	0.095
0.524	0.048	0.048	0.381
0.619	0.048	0.143	0.190
0.524	0.143	0.048	0.286
0.286	0.048	0.095	0.571
0.429	0.048	0.048	0.476
0.238	0.143	0.286	0.333
0.238	0.524	0.048	0.190
0.286	0.524	0.190	0.000
0.333	0.333	0.238	0.095
0.381	0.333	0.095	0.190
0.286	0.238	0.048	0.429
0.476	0.238	0.190	0.095
0.190	0.381	0.190	0.238
0.143	0.286	0.190	0.381
0.333	0.381	0.143	0.143
0.190	0.429	0.143	0.238
0.429	0.286	0.095	0.190
0.238	0.333	0.238	0.190
0.238	0.286	0.095	0.381
0.333	0.524	0.000	0.143
0.286	0.429	0.048	0.238
0.143	0.571	0.095	0.190
0.333	0.429	0.095	0.143
0.143	0.571	0.095	0.190
0.048	0.524	0.143	0.286
0.286	0.524	0.048	0.143
0.143	0.619	0.095	0.143
>Agamous_MADS
0.000	0.967	0.022	0.011
0.022	0.956	0.000	0.022
0.422	0.100	0.078	0.400
0.678	0.056	0.022	0.244
0.811	0.011	0.011	0.167
0.344	0.033	0.044	0.578
0.256	0.178	0.189	0.378
0.222	0.144	0.289	0.344
0.244	0.000	0.711	0.044
0.011	0.000	0.911	0.078
0.300	0.278	0.100	0.322
>Ahr-ARNT_bHLH
0.125	0.333	0.083	0.458
0.000	0.000	0.958	0.042
0.000	0.958	0.000	0.042
0.000	0.000	0.958	0.042
0.000	0.000	0.000	1.000
0.000	0.000	1.000	0.000
>Androgen_NUCLEAR RECEPTOR
0.375	0.292	0.083	0.250
0.375	0.083	0.125	0.417
0.458	0.125	0.125	0.292
0.667	0.042	0.292	0.000
0.000	0.000	0.917	0.083
0.500	0.250	0.042	0.208
0.875	0.083	0.000	0.042
0.000	1.000	0.000	0.000
0.625	0.000	0.333	0.042
0.167	0.375	0.083	0.375
0.208	0.458	0.083	0.250
0.250	0.375	0.375	0.000
0.125	0.208	0.042	0.625
0.000	0.000	1.000	0.000
0.167	0.000	0.000	0.833
0.458	0.208	0.042	0.292
0.042	0.917	0.042	0.000
0.125	0.667	0.042	0.167
0.250	0.292	0.208	0.250
0.250	0.208	0.375	0.167
0.417	0.458	0.000	0.125
0.208	0.458	0.250	0.083
>CFI-USP_NUCLEAR RECEPTOR
0.000	0.026	0.974	0.000
0.026	0.000	0.947	0.026
0.000	0.000	1.000	0.000
0.000	0.000	1.000	0.000
0.000	0.000	0.000	1.000
0.000	0.947	0.026	0.026
0.921	0.000	0.079	0.000
0.132	0.658	0.079	0.132
0.132	0.211	0.579	0.079
0.158	0.263	0.421	0.158
>NR2F1_NUCLEAR RECEPTOR
0.000	0.000	0.154	0.846
0.077	0.000	0.923	0.000
0.923	0.000	0.077	0.000
0.462	0.538	0.000	0.000
0.000	1.000	0.000	0.000
0.000	0.231	0.000	0.769
0.000	0.154	0.000	0.846
0.077	0.000	0.000	0.923
0.154	0.000	0.846	0.000
0.462	0.308	0.231	0.000
0.462	0.385	0.077	0.077
0.077	0.769	0.077	0.077
0.231	0.462	0.000	0.308
0.000	0.231	0.231	0.538
>CREB_bZIP
0.000	0.438	0.312	0.250
0.188	0.312	0.250	0.250
0.000	0.188	0.375	0.438
0.125	0.188	0.688	0.000
0.312	0.062	0.438	0.188
0.000	0.000	0.000	1.000
0.000	0.000	0.938	0.062
1.000	0.000	0.000	0.000
0.000	1.000	0.000	0.000
0.000	0.000	1.000	0.000
0.062	0.312	0.000	0.625
0.312	0.375	0.188	0.125
>Chop-cEBP_bZIP
0.359	0.179	0.308	0.154
0.282	0.179	0.359	0.179
0.462	0.077	0.385	0.077
0.000	0.026	0.000	0.974
0.000	0.000	0.974	0.026
0.103	0.846	0.000	0.051
0.974	0.026	0.000	0.000
0.923	0.051	0.026	0.000
0.000	0.154	0.000	0.846
0.359	0.436	0.128	0.077
0.103	0.590	0.231	0.077
0.000	0.667	0.154	0.179
>Dorsal_1_REL
0.000	0.385	0.462	0.154
0.000	0.000	0.923	0.077
0.000	0.077	0.846	0.077
0.000	0.000	0.769	0.231
0.077	0.077	0.231	0.615
0.077	0.000	0.154	0.769
0.077	0.000	0.000	0.923
0.000	0.000	0.000	1.000
0.000	0.231	0.000	0.769
0.077	0.692	0.000	0.231
0.077	0.692	0.077	0.154
0.231	0.385	0.385	0.000
>Dorsal_2_REL
0.000	0.111	0.778	0.111
0.000	0.000	0.778	0.222
0.000	0.000	1.000	0.000
0.000	0.000	0.889	0.111
0.444	0.111	0.000	0.444
0.222	0.111	0.000	0.667
0.000	0.000	0.000	1.000
0.000	0.111	0.000	0.889
0.000	1.000	0.000	0.000
0.111	0.889	0.000	0.000
>NFIL3_bZIP
0.043	0.000	0.000	0.957
0.000	0.000	0.087	0.913
0.957	0.000	0.000	0.043
0.000	0.348	0.000	0.652
0.087	0.000	0.913	0.000
0.000	0.000	0.000	1.000
1.000	0.000	0.000	0.000
0.957	0.000	0.043	0.000
0.000	0.478	0.174	0.348
0.304	0.217	0.304	0.174
0.217	0.217	0.130	0.435
>E74A_ETS
0.118	0.706	0.118	0.059
0.294	0.706	0.000	0.000
0.000	0.000	1.000	0.000
0.000	0.000	1.000	0.000
1.000	0.000	0.000	0.000
1.000	0.000	0.000	0.000
0.294	0.059	0.588	0.059
>EN-1_HOMEO
0.400	0.100	0.200	0.300
0.500	0.200	0.200	0.100
0.300	0.000	0.700	0.000
0.000	0.000	0.200	0.800
0.400	0.000	0.300	0.300
0.300	0.000	0.700	0.000
0.300	0.000	0.000	0.700
0.200	0.100	0.400	0.300
0.100	0.300	0.300	0.300
0.100	0.400	0.100	0.400
0.100	0.600	0.100	0.200
>Elk-1_ETS
0.250	0.250	0.357	0.143
0.357	0.214	0.214	0.214
0.321	0.143	0.357	0.179
0.179	0.679	0.036	0.107
0.071	0.857	0.036	0.036
0.000	0.000	0.857	0.143
0.036	0.000	0.964	0.000
0.964	0.000	0.036	0.000
0.750	0.179	0.000	0.071
0.464	0.000	0.500	0.036
>FOXF2_FORKHEAD
0.037	0.370	0.259	0.333
0.370	0.259	0.185	0.185
0.630	0.148	0.074	0.148
0.464	0.179	0.179	0.179
0.136	0.500	0.364	0.000
0.259	0.000	0.741	0.000
0.000	0.000	0.000	1.000
1.000	0.000	0.000	0.000
1.000	0.000	0.000	0.000
1.000	0.000	0.000	0.000
0.000	0.926	0.000	0.074
1.000	0.000	0.000	0.000
0.593	0.148	0.074	0.185
0.259	0.148	0.222	0.370
>FOXD1_FORKHEAD
0.050	0.050	0.850	0.050
0.000	0.000	0.000	1.000
0.950	0.050	0.000	0.000
1.000	0.000	0.000	0.000
0.900	0.050	0.050	0.000
0.050	0.900	0.000	0.050
1.000	0.000	0.000	0.000
0.350	0.100	0.150	0.400
>FOXC1_FORKHEAD
0.250	0.250	0.312	0.188
0.125	0.312	0.375	0.188
0.250	0.250	0.188	0.312
0.375	0.250	0.312	0.062
0.438	0.188	0.125	0.250
0.000	0.000	1.000	0.000
0.000	0.000	0.000	1.000
1.000	0.000	0.000	0.000
>FOXL1_FORKHEAD
0.304	0.043	0.174	0.478
0.435	0.174	0.087	0.304
0.261	0.130	0.261	0.348
0.565	0.174	0.174	0.087
0.174	0.435	0.087	0.304
0.913	0.000	0.087	0.000
0.000	0.087	0.000	0.913
0.957	0.043	0.000	0.000
>GAMYB_TRP-CLUSTER
0.160	0.240	0.440	0.160
0.400	0.200	0.280	0.120
0.120	0.520	0.000	0.360
0.920	0.040	0.040	0.000
1.000	0.000	0.000	0.000
0.040	0.960	0.000	0.000
0.120	0.560	0.240	0.080
0.240	0.000	0.760	0.000
0.400	0.440	0.000	0.160
0.200	0.760	0.040	0.000
>FOXQ1_FORKHEAD
0.222	0.222	0.167	0.389
0.722	0.056	0.167	0.056
0.278	0.111	0.000	0.611
0.167	0.000	0.000	0.833
0.000	0.000	1.000	0.000
0.000	0.000	0.000	1.000
0.000	0.000	0.000	1.000
0.000	0.000	0.000	1.000
0.944	0.000	0.056	0.000
0.000	0.056	0.222	0.722
0.333	0.000	0.167	0.500
>FOXD3_FORKHEAD
0.234	0.064	0.553	0.149
0.638	0.043	0.000	0.319
0.511	0.021	0.000	0.468
0.021	0.085	0.000	0.894
0.255	0.000	0.723	0.021
0.000	0.000	0.000	1.000
0.021	0.000	0.000	0.979
0.106	0.000	0.213	0.681
0.298	0.000	0.447	0.255
0.128	0.149	0.000	0.723
0.021	0.043	0.085	0.851
0.000	0.255	0.000	0.745
>FOXI1_FORKHEAD
0.194	0.032	0.452	0.323
0.129	0.258	0.387	0.226
0.355	0.129	0.258	0.258
0.000	0.000	0.000	1.000
0.419	0.000	0.581	0.000
0.000	0.000	0.000	1.000
0.000	0.000	0.000	1.000
0.000	0.000	0.000	1.000
0.484	0.000	0.516	0.000
0.000	0.000	0.226	0.774
0.258	0.032	0.129	0.581
0.065	0.032	0.129	0.774
>HLF_bZIP
0.056	0.222	0.444	0.278
0.333	0.000	0.667	0.000
0.056	0.000	0.000	0.944
0.000	0.000	0.167	0.833
0.722	0.056	0.111	0.111
0.000	0.833	0.056	0.111
0.333	0.000	0.667	0.000
0.000	0.500	0.000	0.500
0.722	0.222	0.056	0.000
0.833	0.000	0.056	0.111
0.111	0.167	0.056	0.667
0.278	0.278	0.167	0.278
>HMG-1_HMG
0.000	0.385	0.615	0.000
0.000	0.000	0.231	0.769
0.000	0.308	0.000	0.692
0.000	0.154	0.769	0.077
0.000	0.077	0.000	0.923
0.462	0.077	0.231	0.231
0.231	0.385	0.000	0.385
0.000	0.077	0.154	0.769
0.000	0.615	0.077	0.308
>HMG-IY_HMG
0.214	0.357	0.286	0.143
0.500	0.000	0.214	0.286
0.643	0.071	0.071	0.214
0.214	0.429	0.286	0.071
0.786	0.000	0.214	0.000
0.786	0.000	0.143	0.071
0.786	0.000	0.143	0.071
0.214	0.214	0.143	0.429
0.286	0.071	0.571	0.071
0.214	0.286	0.429	0.071
0.571	0.357	0.071	0.000
0.571	0.071	0.286	0.071
0.643	0.000	0.143	0.214
0.643	0.357	0.000	0.000
0.786	0.000	0.214	0.000
0.143	0.500	0.000	0.357
>HNF-1_HOMEO
0.238	0.000	0.667	0.095
0.048	0.000	0.952	0.000
0.048	0.000	0.000	0.952
0.048	0.000	0.000	0.952
0.952	0.000	0.000	0.048
0.762	0.095	0.048	0.095
0.048	0.000	0.000	0.952
0.381	0.095	0.190	0.333
0.667	0.000	0.048	0.286
0.095	0.000	0.000	0.905
0.000	0.190	0.000	0.810
0.619	0.048	0.143	0.190
0.381	0.381	0.143	0.095
0.238	0.619	0.000	0.143
>FOXA2_FORKHEAD
0.353	0.412	0.176	0.059
0.647	0.176	0.059	0.118
0.471	0.176	0.059	0.294
0.000	0.059	0.000	0.941
0.647	0.000	0.353	0.000
0.000	0.059	0.000	0.941
0.000	0.059	0.000	0.941
0.000	0.000	0.353	0.647
0.529	0.000	0.471	0.000
0.000	0.529	0.000	0.471
0.059	0.059	0.059	0.824
0.000	0.294	0.000	0.706
>NHLH1_bHLH
0.241	0.241	0.315	0.204
0.241	0.722	0.037	0.000
0.056	0.093	0.685	0.167
0.019	0.981	0.000	0.000
1.000	0.000	0.000	0.000
0.019	0.019	0.963	0.000
0.019	0.926	0.056	0.000
0.019	0.019	0.000	0.963
0.000	0.000	0.981	0.019
0.056	0.685	0.148	0.111
0.037	0.000	0.685	0.278
0.093	0.315	0.222	0.370
>Irf-1_TRP-CLUSTER
0.300	0.200	0.500	0.000
0.950	0.000	0.050	0.000
0.950	0.000	0.000	0.050
1.000	0.000	0.000	0.000
0.250	0.150	0.550	0.050
0.000	0.500	0.000	0.500
0.050	0.050	0.900	0.000
1.000	0.000	0.000	0.000
0.950	0.050	0.000	0.000
1.000	0.000	0.000	0.000
0.050	0.650	0.300	0.000
0.050	0.650	0.050	0.250
>Irf-2_TRP-CLUSTER
0.000	0.333	0.583	0.083
0.167	0.000	0.833	0.000
1.000	0.000	0.000	0.000
0.917	0.000	0.000	0.083
1.000	0.000	0.000	0.000
0.167	0.000	0.833	0.000
0.000	0.500	0.000	0.500
0.000	0.000	1.000	0.000
1.000	0.000	0.000	0.000
1.000	0.000	0.000	0.000
1.000	0.000	0.000	0.000
0.000	0.500	0.500	0.000
0.000	0.583	0.167	0.250
0.417	0.167	0.250	0.167
0.500	0.000	0.167	0.333
0.500	0.083	0.083	0.333
0.417	0.167	0.083	0.333
0.250	0.500	0.083	0.167
>MEF2_MADS
0.017	0.862	0.000	0.121
0.000	0.000	0.000	1.000
0.983	0.017	0.000	0.000
0.034	0.017	0.000	0.948
0.155	0.000	0.000	0.845
0.103	0.000	0.000	0.897
0.638	0.000	0.000	0.362
0.034	0.000	0.000	0.966
0.966	0.000	0.034	0.000
0.103	0.000	0.862	0.034
>MYB.ph3_TRP-CLUSTER
0.271	0.043	0.029	0.657
0.914	0.014	0.029	0.043
0.900	0.000	0.029	0.071
0.057	0.886	0.043	0.014
0.143	0.386	0.229	0.243
0.143	0.029	0.757	0.071
0.186	0.114	0.000	0.700
0.043	0.243	0.014	0.700
0.400	0.014	0.000	0.586
>Myf_bHLH
0.438	0.500	0.062	0.000
0.562	0.000	0.438	0.000
0.250	0.125	0.625	0.000
0.000	0.938	0.062	0.000
1.000	0.000	0.000	0.000
0.438	0.000	0.562	0.000
0.000	0.938	0.062	0.000
0.375	0.000	0.000	0.625
0.000	0.000	1.000	0.000
0.000	0.625	0.375	0.000
0.375	0.000	0.000	0.625
0.000	0.000	1.000	0.000
>Max_bHLH
0.353	0.059	0.353	0.235
0.647	0.059	0.294	0.000
0.294	0.412	0.059	0.235
0.000	1.000	0.000	0.000
0.941	0.059	0.000	0.000
0.000	1.000	0.000	0.000
0.059	0.000	0.941	0.000
0.000	0.000	0.000	1.000
0.000	0.000	1.000	0.000
0.353	0.176	0.294	0.176
>Myc-Max_bHLH
0.333	0.048	0.429	0.190
0.714	0.048	0.190	0.048
0.095	0.429	0.429	0.048
0.048	0.952	0.000	0.000
1.000	0.000	0.000	0.000
0.000	0.952	0.000	0.048
0.048	0.000	0.952	0.000
0.000	0.048	0.000	0.952
0.000	0.000	1.000	0.000
0.048	0.048	0.857	0.048
0.143	0.238	0.000	0.619
>NF-kappaB_REL
0.000	0.000	1.000	0.000
0.000	0.000	1.000	0.000
0.026	0.000	0.974	0.000
0.658	0.000	0.342	0.000
0.500	0.342	0.026	0.132
0.184	0.026	0.079	0.711
0.026	0.053	0.053	0.868
0.053	0.447	0.000	0.500
0.053	0.921	0.000	0.026
0.000	0.947	0.000	0.053
>NRF-2_ETS
0.714	0.143	0.143	0.000
0.143	0.714	0.143	0.000
0.143	0.857	0.000	0.000
0.000	0.000	1.000	0.000
0.000	0.000	1.000	0.000
1.000	0.000	0.000	0.000
1.000	0.000	0.000	0.000
0.000	0.000	1.000	0.000
0.429	0.143	0.143	0.286
0.000	0.286	0.571	0.143
>Nkx_HOMEO
0.412	0.000	0.059	0.529
0.000	0.235	0.000	0.765
1.000	0.000	0.000	0.000
1.000	0.000	0.000	0.000
0.000	0.000	0.412	0.588
0.235	0.118	0.000	0.647
0.118	0.059	0.647	0.176
>PPARgamma-RXRal_NUCLEAR RECEPTOR
0.244	0.293	0.171	0.293
0.171	0.317	0.195	0.317
0.463	0.098	0.146	0.293
0.317	0.024	0.659	0.000
0.415	0.000	0.585	0.000
0.000	0.000	1.000	0.000
0.000	0.000	0.951	0.049
0.000	0.049	0.000	0.951
0.049	0.902	0.049	0.000
1.000	0.000	0.000	0.000
1.000	0.000	0.000	0.000
0.951	0.000	0.049	0.000
0.000	0.000	1.000	0.000
0.000	0.000	0.951	0.049
0.000	0.049	0.000	0.951
0.049	0.878	0.024	0.049
0.927	0.024	0.049	0.000
0.244	0.293	0.098	0.366
0.317	0.366	0.220	0.098
0.171	0.244	0.293	0.293
>PPARgamma_NUCLEAR RECEPTOR
0.107	0.286	0.500	0.107
0.107	0.000	0.000	0.893
0.679	0.000	0.321	0.000
0.000	0.036	0.964	0.000
0.036	0.000	0.929	0.036
0.000	0.036	0.143	0.821
0.071	0.821	0.107	0.000
0.929	0.036	0.000	0.036
0.179	0.536	0.143	0.143
0.179	0.250	0.357	0.214
0.143	0.071	0.643	0.143
0.036	0.000	0.071	0.893
0.071	0.179	0.714	0.036
0.786	0.179	0.000	0.036
0.036	0.964	0.000	0.000
0.000	0.893	0.000	0.107
0.107	0.429	0.000	0.464
0.786	0.179	0.000	0.036
0.179	0.429	0.214	0.179
0.250	0.000	0.036	0.714
>Pbx_HOMEO
0.278	0.333	0.111	0.278
0.167	0.500	0.167	0.167
0.889	0.056	0.056	0.000
0.056	0.056	0.000	0.889
0.000	1.000	0.000	0.000
0.944	0.056	0.000	0.000
0.944	0.000	0.000	0.056
0.000	0.000	0.056	0.944
0.000	1.000	0.000	0.000
0.889	0.056	0.000	0.056
0.667	0.000	0.056	0.278
0.444	0.111	0.111	0.333
>RORalfa-1_NUCLEAR RECEPTOR
0.600	0.040	0.080	0.280
0.360	0.040	0.000	0.600
0.240	0.480	0.160	0.120
0.440	0.080	0.200	0.280
0.840	0.000	0.160	0.000
0.000	0.000	1.000	0.000
0.000	0.000	1.000	0.000
0.000	0.000	0.000	1.000
0.000	1.000	0.000	0.000
1.000	0.000	0.000	0.000
>RORalfa-2_NUCLEAR RECEPTOR
0.250	0.222	0.222	0.306
0.472	0.056	0.194	0.278
0.417	0.000	0.083	0.500
0.972	0.028	0.000	0.000
0.639	0.000	0.000	0.361
0.056	0.333	0.361	0.250
0.000	0.000	0.000	1.000
0.778	0.000	0.222	0.000
0.000	0.000	1.000	0.000
0.000	0.000	1.000	0.000
0.000	0.000	0.000	1.000
0.000	1.000	0.000	0.000
1.000	0.000	0.000	0.000
0.417	0.167	0.278	0.139
>RXR-VDR_NUCLEAR RECEPTOR
0.300	0.000	0.700	0.000
0.000	0.000	1.000	0.000
0.000	0.000	0.900	0.100
0.000	0.000	0.000	1.000
0.000	0.900	0.000	0.100
0.900	0.000	0.100	0.000
0.400	0.200	0.000	0.400
0.200	0.400	0.200	0.200
0.200	0.000	0.800	0.000
0.500	0.000	0.500	0.000
0.000	0.000	1.000	0.000
0.000	0.000	0.000	1.000
0.100	0.000	0.000	0.900
0.000	0.900	0.000	0.100
0.700	0.100	0.200	0.000
>S8_HOMEO
0.881	0.034	0.068	0.017
1.000	0.000	0.000	0.000
0.000	0.000	0.017	0.983
0.000	0.000	0.000	1.000
0.983	0.000	0.017	0.000
>SAP-1_ETS
0.800	0.050	0.100	0.050
0.000	1.000	0.000	0.000
0.000	1.000	0.000	0.000
0.000	0.000	1.000	0.000
0.000	0.000	1.000	0.000
1.000	0.000	0.000	0.000
0.800	0.000	0.000	0.200
0.200	0.050	0.750	0.000
0.050	0.300	0.000	0.650
>SOX-9_HMG
0.316	0.092	0.408	0.184
0.711	0.079	0.092	0.118
0.776	0.053	0.000	0.171
0.000	0.947	0.026	0.026
0.855	0.053	0.000	0.092
0.934	0.026	0.013	0.026
0.053	0.000	0.013	0.934
0.316	0.079	0.500	0.105
0.118	0.118	0.724	0.039
>SOX17_HMG
0.226	0.290	0.194	0.290
0.258	0.258	0.129	0.355
0.097	0.581	0.032	0.290
0.968	0.000	0.000	0.032
0.000	0.032	0.000	0.968
0.000	0.000	0.000	1.000
0.000	0.000	1.000	0.000
0.000	0.000	0.065	0.935
0.000	0.548	0.323	0.129
>SPI-1_ETS
0.246	0.368	0.333	0.053
0.070	0.035	0.842	0.053
0.053	0.000	0.912	0.035
0.982	0.018	0.000	0.000
0.982	0.000	0.000	0.018
0.053	0.316	0.596	0.035
>SPI-B_ETS
0.633	0.000	0.000	0.367
0.082	0.286	0.592	0.041
0.490	0.327	0.143	0.041
0.041	0.000	0.959	0.000
0.020	0.000	0.959	0.020
0.980	0.000	0.000	0.020
0.959	0.000	0.000	0.041
>SQUA_MADS
0.367	0.467	0.033	0.133
0.000	0.733	0.000	0.267
0.800	0.000	0.133	0.067
0.533	0.067	0.033	0.367
0.767	0.000	0.000	0.233
0.567	0.000	0.000	0.433
0.800	0.033	0.000	0.167
0.267	0.000	0.033	0.700
0.467	0.033	0.500	0.000
0.033	0.033	0.933	0.000
0.467	0.167	0.033	0.333
0.833	0.167	0.000	0.000
0.700	0.067	0.100	0.133
0.233	0.167	0.267	0.333
>SRF_MADS
0.043	0.022	0.848	0.087
0.196	0.717	0.043	0.043
0.000	0.978	0.022	0.000
0.022	0.978	0.000	0.000
0.696	0.022	0.000	0.283
0.065	0.022	0.000	0.913
1.000	0.000	0.000	0.000
0.022	0.000	0.000	0.978
0.935	0.000	0.000	0.065
0.326	0.022	0.000	0.652
0.043	0.000	0.957	0.000
0.043	0.022	0.935	0.000
>SRY_HMG
0.179	0.179	0.357	0.286
0.286	0.107	0.143	0.464
0.536	0.000	0.107	0.357
0.643	0.107	0.107	0.143
0.893	0.000	0.000	0.107
0.000	0.929	0.000	0.071
1.000	0.000	0.000	0.000
0.964	0.000	0.036	0.000
0.250	0.000	0.071	0.679
>Sox-5_HMG
0.348	0.174	0.130	0.348
0.913	0.000	0.043	0.043
0.957	0.000	0.043	0.000
0.000	0.957	0.000	0.043
1.000	0.000	0.000	0.000
0.957	0.043	0.000	0.000
0.000	0.000	0.000	1.000
>TCF11-MafG_bZIP
0.206	0.324	0.294	0.176
0.853	0.059	0.088	0.000
0.000	0.000	0.000	1.000
0.029	0.000	0.941	0.029
1.000	0.000	0.000	0.000
0.000	0.765	0.059	0.176
>TAL1-TCF3_bHLH
0.295	0.318	0.182	0.205
0.205	0.227	0.455	0.114
0.886	0.000	0.068	0.045
0.455	0.545	0.000	0.000
0.000	0.977	0.023	0.000
1.000	0.000	0.000	0.000
0.000	0.023	0.250	0.727
0.273	0.727	0.000	0.000
0.000	0.000	0.000	1.000
0.000	0.000	0.977	0.023
0.000	0.068	0.455	0.477
0.091	0.091	0.045	0.773
>HAND1-TCF3_bHLH
0.138	0.276	0.345	0.241
0.345	0.000	0.517	0.138
0.069	0.069	0.034	0.828
0.000	0.966	0.000	0.034
0.000	0.000	0.000	1.000
0.000	0.000	1.000	0.000
0.000	0.103	0.862	0.034
0.310	0.483	0.034	0.172
0.552	0.000	0.103	0.345
0.172	0.138	0.138	0.552
>USF_bHLH
0.000	1.000	0.000	0.000
1.000	0.000	0.000	0.000
0.000	0.933	0.000	0.067
0.033	0.000	0.967	0.000
0.000	0.033	0.033	0.933
0.000	0.000	1.000	0.000
0.300	0.067	0.467	0.167
>Ubx_HOMEO
0.034	0.000	0.000	0.966
0.818	0.045	0.034	0.102
0.898	0.011	0.068	0.023
0.011	0.057	0.045	0.886
>bZIP910_bZIP
0.429	0.429	0.143	0.000
0.000	0.000	0.000	1.000
0.000	0.000	1.000	0.000
1.000	0.000	0.000	0.000
0.000	1.000	0.000	0.000
0.000	0.000	1.000	0.000
0.000	0.000	0.000	1.000
>bZIP911_bZIP
0.030	0.000	0.939	0.030
0.515	0.000	0.485	0.000
0.000	0.000	0.000	1.000
0.000	0.000	1.000	0.000
1.000	0.000	0.000	0.000
0.000	1.000	0.000	0.000
0.000	0.000	1.000	0.000
0.000	0.000	0.000	1.000
0.000	0.030	0.970	0.000
0.030	0.000	0.667	0.303
0.333	0.606	0.030	0.030
0.030	0.970	0.000	0.000
>c-ETS_ETS
0.100	0.400	0.100	0.400
0.425	0.000	0.000	0.575
0.000	0.025	0.000	0.975
0.000	0.975	0.025	0.000
0.000	0.975	0.000	0.025
0.125	0.075	0.425	0.375
>c-MYB_1_TRP-CLUSTER
0.157	0.078	0.667	0.098
0.431	0.020	0.490	0.059
0.039	0.941	0.020	0.000
0.314	0.333	0.314	0.039
0.020	0.000	0.980	0.000
0.039	0.020	0.000	0.941
0.000	0.000	0.000	1.000
0.118	0.000	0.863	0.020
>c-REL_REL
0.000	0.294	0.471	0.235
0.000	0.059	0.882	0.059
0.059	0.000	0.882	0.059
0.294	0.059	0.529	0.118
0.353	0.294	0.176	0.176
0.294	0.059	0.059	0.588
0.059	0.000	0.000	0.941
0.118	0.000	0.000	0.882
0.000	0.882	0.000	0.118
0.059	0.941	0.000	0.000
>cEBP_bZIP
0.167	0.000	0.000	0.833
0.056	0.056	0.222	0.667
0.222	0.056	0.333	0.389
0.111	0.500	0.111	0.278
0.222	0.111	0.556	0.111
0.111	0.833	0.000	0.056
1.000	0.000	0.000	0.000
1.000	0.000	0.000	0.000
0.000	0.333	0.111	0.556
0.278	0.333	0.278	0.111
0.111	0.278	0.167	0.444
0.056	0.333	0.278	0.333
>n-MYC_bHLH
0.000	1.000	0.000	0.000
0.935	0.000	0.000	0.065
0.000	0.968	0.000	0.032
0.065	0.032	0.903	0.000
0.000	0.097	0.000	0.903
0.000	0.000	1.000	0.000
>NFKB1_REL
0.000	0.000	1.000	0.000
0.000	0.000	1.000	0.000
0.000	0.000	1.000	0.000
0.111	0.000	0.889	0.000
0.611	0.056	0.333	0.000
0.278	0.000	0.111	0.611
0.000	0.278	0.111	0.611
0.000	0.722	0.000	0.278
0.000	0.944	0.000	0.056
0.000	1.000	0.000	0.000
0.056	0.833	0.056	0.056
>RELA_REL
0.000	0.222	0.611	0.167
0.000	0.000	0.944	0.056
0.000	0.000	1.000	0.000
0.611	0.000	0.389	0.000
0.556	0.167	0.222	0.056
0.111	0.000	0.000	0.889
0.000	0.000	0.000	1.000
0.000	0.111	0.000	0.889
0.000	1.000	0.000	0.000
0.000	1.000	0.000	0.000
>Dof2_ZN-FNGR_DOF
1.000	0.000	0.000	0.000
1.000	0.000	0.000	0.000
1.000	0.000	0.000	0.000
0.000	0.000	1.000	0.000
0.143	0.667	0.095	0.095
0.333	0.286	0.143	0.238
>Dof3_ZN-FNGR_DOF
1.000	0.000	0.000	0.000
1.000	0.000	0.000	0.000
1.000	0.000	0.000	0.000
0.000	0.000	1.000	0.000
0.000	0.476	0.143	0.381
0.286	0.286	0.429	0.000
>MNB1A_ZN-FNGR_DOF
1.000	0.000	0.000	0.000
1.000	0.000	0.000	0.000
1.000	0.000	0.000	0.000
0.000	0.000	1.000	0.000
0.200	0.600	0.000	0.200
>PBF_ZN-FNGR_DOF
1.000	0.000	0.000	0.000
1.000	0.000	0.000	0.000
1.000	0.000	0.000	0.000
0.000	0.000	1.000	0.000
0.062	0.562	0.062	0.312
>GATA-1_ZN-FNGR_GATA
0.245	0.264	0.283	0.208
0.000	0.000	1.000	0.000
0.943	0.038	0.000	0.019
0.019	0.000	0.019	0.962
0.245	0.113	0.472	0.170
0.113	0.302	0.415	0.170
>GATA-2_ZN-FNGR_GATA
0.245	0.245	0.340	0.170
0.000	0.094	0.906	0.000
0.981	0.000	0.019	0.000
0.000	0.000	0.000	1.000
0.472	0.132	0.283	0.113
>GATA-3_ZN-FNGR_GATA
0.397	0.222	0.063	0.317
0.000	0.016	0.984	0.000
0.968	0.000	0.016	0.016
0.000	0.000	0.079	0.921
0.619	0.016	0.063	0.302
0.238	0.048	0.587	0.127
>RUSH1-alfa_ZN-FNGR_GATA
0.273	0.455	0.091	0.182
0.273	0.091	0.273	0.364
0.000	0.091	0.000	0.909
0.636	0.000	0.091	0.273
0.000	0.182	0.091	0.727
0.182	0.818	0.000	0.000
0.091	0.000	0.182	0.727
0.000	0.727	0.182	0.091	
